-32768	21
-32512	38
-32256	55
-32000	41
-31744	47
-31488	46
-31232	43
-30976	46
-30720	46
-30464	59
-30208	57
-29952	59
-29696	65
-29440	64
-29184	67
-28928	64
-28672	57
-28416	68
-28160	69
-27904	75
-27648	91
-27392	75
-27136	68
-26880	104
-26624	87
-26368	99
-26112	100
-25856	116
-25600	119
-25344	119
-25088	133
-24832	136
-24576	136
-24320	139
-24064	165
-23808	192
-23552	215
-23296	184
-23040	206
-22784	233
-22528	238
-22272	239
-22016	310
-21760	277
-21504	293
-21248	335
-20992	340
-20736	371
-20480	396
-20224	443
-19968	454
-19712	461
-19456	462
-19200	515
-18944	564
-18688	614
-18432	601
-18176	666
-17920	696
-17664	716
-17408	766
-17152	825
-16896	850
-16640	913
-16384	892
-16128	1060
-15872	1005
-15616	1106
-15360	1160
-15104	1208
-14848	1282
-14592	1405
-14336	1456
-14080	1512
-13824	1573
-13568	1703
-13312	1730
-13056	1809
-12800	1906
-12544	2101
-12288	2117
-12032	2128
-11776	2325
-11520	2319
-11264	2507
-11008	2629
-10752	2789
-10496	2919
-10240	2944
-9984	3147
-9728	3171
-9472	3414
-9216	3372
-8960	3543
-8704	3749
-8448	3832
-8192	3992
-7936	4144
-7680	4173
-7424	4358
-7168	4373
-6912	4670
-6656	4526
-6400	4713
-6144	4866
-5888	5239
-5632	5269
-5376	5359
-5120	5413
-4864	5449
-4608	5558
-4352	5657
-4096	5703
-3840	5726
-3584	5852
-3328	5916
-3072	6034
-2816	5935
-2560	6154
-2304	6334
-2048	6238
-1792	6289
-1536	6403
-1280	6460
-1024	6635
-768	6466
-512	6473
-256	6600
0	6450
256	6615
512	6398
768	6438
1024	6390
1280	6494
1536	6371
1792	6508
2048	6388
2304	6339
2560	6260
2816	6193
3072	6190
3328	6001
3584	6040
3840	5720
4096	5861
4352	5653
4608	5531
4864	5461
5120	5401
5376	5258
5632	5238
5888	5111
6144	4792
6400	4711
6656	4612
6912	4468
7168	4350
7424	4283
7680	4070
7936	3969
8192	3955
8448	3807
8704	3607
8960	3565
9216	3584
9472	3216
9728	3214
9984	3041
10240	3008
10496	2978
10752	2700
11008	2624
11264	2526
11520	2475
11776	2169
12032	2343
12288	2166
12544	2061
12800	1887
13056	1784
13312	1720
13568	1592
13824	1576
14080	1487
14336	1401
14592	1366
14848	1260
15104	1113
15360	1110
15616	1022
15872	974
16128	841
16384	879
16640	838
16896	801
17152	756
17408	717
17664	594
17920	572
18176	572
18432	523
18688	536
18944	457
19200	428
19456	393
19712	377
19968	347
20224	349
20480	367
20736	296
20992	307
21248	254
21504	270
21760	227
22016	223
22272	201
22528	183
22784	186
23040	171
23296	177
23552	149
23808	162
24064	132
24320	139
24576	136
24832	124
25088	110
25344	103
25600	91
25856	94
26112	93
26368	89
26624	91
26880	65
27136	55
27392	58
27648	55
27904	48
28160	63
28416	51
28672	43
28928	48
29184	52
29440	41
29696	39
29952	53
30208	39
30464	34
30720	41
30976	37
31232	35
31488	29
31744	29
32000	40
32256	37
32512	19
